epoch:8 0.2459  0.4852  0.226  0.0325  0.1559  0.2925  0.265  0.3595  0.3684  0.1085  0.2717  0.4215  0.5369  0.000545
epoch:9 0.2464  0.4842  0.2286  0.0322  0.1557  0.2929  0.2649  0.3588  0.3672  0.1084  0.2684  0.4206  0.5362  0.00018
