epoch:8 0.2396  0.4782  0.2107  0.0278  0.1542  0.2858  0.2448  0.3315  0.3399  0.1066  0.2618  0.3862  0.5052  0.000545
epoch:9 0.2394  0.4781  0.2104  0.028  0.154  0.2856  0.2449  0.3316  0.34  0.1069  0.2615  0.3864  0.5037  0.00018
