epoch:8 0.2723  0.5384  0.2451  0.0323  0.1683  0.3256  0.2984  0.3987  0.4074  0.102  0.2958  0.4664  0.52  0.000545
epoch:9 0.2757  0.5392  0.2488  0.0327  0.171  0.3299  0.3008  0.4012  0.4096  0.0988  0.2965  0.4698  0.5169  0.00018
