epoch:8 0.2543  0.4961  0.2349  0.0256  0.1575  0.3034  0.2748  0.3676  0.3763  0.0921  0.2706  0.4326  0.5243  0.000545
epoch:9 0.2541  0.4964  0.2344  0.0258  0.1579  0.3029  0.2746  0.3682  0.3766  0.0924  0.2708  0.4327  0.5208  0.00018
