epoch:8 0.2447  0.4828  0.2229  0.0275  0.1547  0.2916  0.2562  0.3453  0.3529  0.0969  0.2629  0.4036  0.4859  0.000545
epoch:9 0.2456  0.4837  0.2254  0.028  0.1558  0.2926  0.2569  0.3466  0.3544  0.0992  0.2647  0.4049  0.4816  0.00018
